# Made in Blockbench 4.11.2
mtllib Piggie.mtl

o EarL
v -0.21846982202490134 2.4380201579275735 -0.120181484044643
v -0.2122794619910709 2.423075306777928 -0.18055184818770975
v -0.12605886937130484 2.214920382719443 -0.055476722769012846
v -0.11986850933747434 2.199975531569797 -0.11584708691207962
v -0.4432493451188926 2.3274044486866554 -0.18055184818770975
v -0.449439705152723 2.342349299836301 -0.120181484044643
v -0.350838392465296 2.1043046734785245 -0.11584708691207962
v -0.3570287524991265 2.11924952462817 -0.055476722769012846
vt 0.1796875 0.8046875
vt 0.2109375 0.8046875
vt 0.2109375 0.7734375
vt 0.1796875 0.7734375
vt 0.171875 0.8046875
vt 0.1796875 0.8046875
vt 0.1796875 0.7734375
vt 0.171875 0.7734375
vt 0.1796875 0.765625
vt 0.2109375 0.765625
vt 0.2109375 0.734375
vt 0.1796875 0.734375
vt 0.2109375 0.8046875
vt 0.21875 0.8046875
vt 0.21875 0.7734375
vt 0.2109375 0.7734375
vt 0.2109375 0.8046875
vt 0.1796875 0.8046875
vt 0.1796875 0.8125
vt 0.2109375 0.8125
vt 0.2109375 0.7734375
vt 0.1796875 0.7734375
vt 0.1796875 0.765625
vt 0.2109375 0.765625
vn 0.0990457605412876 -0.23911761839433446 -0.9659258262890684
vn 0.9238795325112867 0.3826834323650897 1.3877787807814457e-17
vn -0.0990457605412876 0.23911761839433446 0.9659258262890684
vn -0.9238795325112867 -0.3826834323650897 -1.3877787807814457e-17
vn -0.36964381061438606 0.8923991008325228 -0.25881904510252063
vn 0.36964381061438606 -0.8923991008325228 0.25881904510252063
usemtl m_77657300-7937-2870-83eb-96baf40cb450
f 4/4/1 7/3/1 5/2/1 2/1/1
f 3/8/2 4/7/2 2/6/2 1/5/2
f 8/12/3 3/11/3 1/10/3 6/9/3
f 7/16/4 8/15/4 6/14/4 5/13/4
f 6/20/5 1/19/5 2/18/5 5/17/5
f 7/24/6 4/23/6 3/22/6 8/21/6
o EarR
v 0.449439705152723 2.342349299836301 -0.120181484044643
v 0.4432493451188926 2.3274044486866554 -0.18055184818770975
v 0.3570287524991265 2.11924952462817 -0.055476722769012846
v 0.350838392465296 2.1043046734785245 -0.11584708691207962
v 0.2122794619910709 2.423075306777928 -0.18055184818770975
v 0.21846982202490134 2.4380201579275735 -0.120181484044643
v 0.11986850933747434 2.199975531569797 -0.11584708691207962
v 0.12605886937130484 2.214920382719443 -0.055476722769012846
vt 0.0234375 0.8046875
vt 0.0546875 0.8046875
vt 0.0546875 0.7734375
vt 0.0234375 0.7734375
vt 0.015625 0.8046875
vt 0.0234375 0.8046875
vt 0.0234375 0.7734375
vt 0.015625 0.7734375
vt 0.0234375 0.765625
vt 0.0546875 0.765625
vt 0.0546875 0.734375
vt 0.0234375 0.734375
vt 0.0546875 0.8046875
vt 0.0625 0.8046875
vt 0.0625 0.7734375
vt 0.0546875 0.7734375
vt 0.0546875 0.8046875
vt 0.0234375 0.8046875
vt 0.0234375 0.8125
vt 0.0546875 0.8125
vt 0.0546875 0.7734375
vt 0.0234375 0.7734375
vt 0.0234375 0.765625
vt 0.0546875 0.765625
vn -0.0990457605412876 -0.23911761839433446 -0.9659258262890684
vn 0.9238795325112867 -0.3826834323650897 -1.3877787807814457e-17
vn 0.0990457605412876 0.23911761839433446 0.9659258262890684
vn -0.9238795325112867 0.3826834323650897 1.3877787807814457e-17
vn 0.36964381061438606 0.8923991008325228 -0.25881904510252063
vn -0.36964381061438606 -0.8923991008325228 0.25881904510252063
usemtl m_77657300-7937-2870-83eb-96baf40cb450
f 12/28/7 15/27/7 13/26/7 10/25/7
f 11/32/8 12/31/8 10/30/8 9/29/8
f 16/36/9 11/35/9 9/34/9 14/33/9
f 15/40/10 16/39/10 14/38/10 13/37/10
f 14/44/11 9/43/11 10/42/11 13/41/11
f 15/48/12 12/47/12 11/46/12 16/45/12
o Head
v 0.3125 2.21875 0.125
v 0.3125 2.21875 -0.5
v 0.3125 1.65625 0.125
v 0.3125 1.65625 -0.5
v -0.3125 2.21875 -0.5
v -0.3125 2.21875 0.125
v -0.3125 1.65625 -0.5
v -0.3125 1.65625 0.125
vt 0.078125 0.921875
vt 0.15625 0.921875
vt 0.15625 0.8515625
vt 0.078125 0.8515625
vt 0 0.921875
vt 0.078125 0.921875
vt 0.078125 0.8515625
vt 0 0.8515625
vt 0.078125 0.7734375
vt 0.15625 0.7734375
vt 0.15625 0.703125
vt 0.078125 0.703125
vt 0.15625 0.921875
vt 0.234375 0.921875
vt 0.234375 0.8515625
vt 0.15625 0.8515625
vt 0.15625 0.921875
vt 0.078125 0.921875
vt 0.078125 1
vt 0.15625 1
vt 0.15625 0.8515625
vt 0.078125 0.8515625
vt 0.078125 0.7734375
vt 0.15625 0.7734375
vn 0 0 -1
vn 1 0 0
vn 0 0 1
vn -1 0 0
vn 0 1 0
vn 0 -1 0
usemtl m_77657300-7937-2870-83eb-96baf40cb450
f 20/52/13 23/51/13 21/50/13 18/49/13
f 19/56/14 20/55/14 18/54/14 17/53/14
f 24/60/15 19/59/15 17/58/15 22/57/15
f 23/64/16 24/63/16 22/62/16 21/61/16
f 22/68/17 17/67/17 18/66/17 21/65/17
f 23/72/18 20/71/18 19/70/18 24/69/18
o Nose
v 0.1875 1.90625 -0.5
v 0.1875 1.90625 -0.625
v 0.1875 1.71875 -0.5
v 0.1875 1.71875 -0.625
v -0.1875 1.90625 -0.625
v -0.1875 1.90625 -0.5
v -0.1875 1.71875 -0.625
v -0.1875 1.71875 -0.5
vt 0.015625 0.984375
vt 0.0625 0.984375
vt 0.0625 0.9609375
vt 0.015625 0.9609375
vt 0 0.984375
vt 0.015625 0.984375
vt 0.015625 0.9609375
vt 0 0.9609375
vt 0.0625 0.984375
vt 0.078125 0.984375
vt 0.078125 0.9609375
vt 0.0625 0.9609375
vt 0.0625 0.984375
vt 0.015625 0.984375
vt 0.015625 1
vt 0.0625 1
vt 0.0625 0.9609375
vt 0.015625 0.9609375
vt 0.015625 0.9453125
vt 0.0625 0.9453125
vn 0 0 -1
vn 1 0 0
vn -1 0 0
vn 0 1 0
vn 0 -1 0
usemtl m_77657300-7937-2870-83eb-96baf40cb450
f 28/76/19 31/75/19 29/74/19 26/73/19
f 27/80/20 28/79/20 26/78/20 25/77/20
f 31/84/21 32/83/21 30/82/21 29/81/21
f 30/88/22 25/87/22 26/86/22 29/85/22
f 31/92/23 28/91/23 27/90/23 32/89/23
o Eyebrown
v 0.3125 2.21875 -0.5
v 0.3125 2.21875 -0.5625
v 0.3125 2.03125 -0.5
v 0.3125 2.03125 -0.5625
v -0.3125 2.21875 -0.5625
v -0.3125 2.21875 -0.5
v -0.3125 2.03125 -0.5625
v -0.3125 2.03125 -0.5
vt 0.171875 0.9765625
vt 0.25 0.9765625
vt 0.25 0.953125
vt 0.171875 0.953125
vt 0.1640625 0.9765625
vt 0.171875 0.9765625
vt 0.171875 0.953125
vt 0.1640625 0.953125
vt 0.25 0.9765625
vt 0.2578125 0.9765625
vt 0.2578125 0.953125
vt 0.25 0.953125
vt 0.25 0.9765625
vt 0.171875 0.9765625
vt 0.171875 0.984375
vt 0.25 0.984375
vt 0.25 0.953125
vt 0.171875 0.953125
vt 0.171875 0.9453125
vt 0.25 0.9453125
vn 0 0 -1
vn 1 0 0
vn -1 0 0
vn 0 1 0
vn 0 -1 0
usemtl m_77657300-7937-2870-83eb-96baf40cb450
f 36/96/24 39/95/24 37/94/24 34/93/24
f 35/100/25 36/99/25 34/98/25 33/97/25
f 39/104/26 40/103/26 38/102/26 37/101/26
f 38/108/27 33/107/27 34/106/27 37/105/27
f 39/112/28 36/111/28 35/110/28 40/109/28
o Mouth
v 0.125 1.71875 -0.5
v 0.125 1.71875 -0.5625
v 0.125 1.65625 -0.5
v 0.125 1.65625 -0.5625
v -0.125 1.71875 -0.5625
v -0.125 1.71875 -0.5
v -0.125 1.65625 -0.5625
v -0.125 1.65625 -0.5
vt 0.0234375 0.9375
vt 0.0546875 0.9375
vt 0.0546875 0.9296875
vt 0.0234375 0.9296875
vt 0.015625 0.9375
vt 0.0234375 0.9375
vt 0.0234375 0.9296875
vt 0.015625 0.9296875
vt 0.0546875 0.9375
vt 0.0625 0.9375
vt 0.0625 0.9296875
vt 0.0546875 0.9296875
vt 0.0546875 0.9375
vt 0.0234375 0.9375
vt 0.0234375 0.9453125
vt 0.0546875 0.9453125
vt 0.0546875 0.9296875
vt 0.0234375 0.9296875
vt 0.0234375 0.921875
vt 0.0546875 0.921875
vn 0 0 -1
vn 1 0 0
vn -1 0 0
vn 0 1 0
vn 0 -1 0
usemtl m_77657300-7937-2870-83eb-96baf40cb450
f 44/116/29 47/115/29 45/114/29 42/113/29
f 43/120/30 44/119/30 42/118/30 41/117/30
f 47/124/31 48/123/31 46/122/31 45/121/31
f 46/128/32 41/127/32 42/126/32 45/125/32
f 47/132/33 44/131/33 43/130/33 48/129/33
o DownArmR
v 0.8108035478141087 1.1192628721687423 0.22013802827540693
v 0.8720937220094737 1.2251306215051119 -0.06742376368860462
v 0.7607366465781644 0.6559636400832703 0.03890026468944052
v 0.8220268207735294 0.7618313894196399 -0.24866152727457103
v 0.6282306955780306 1.2659392966066407 -0.10437611647100728
v 0.5669405213826657 1.1600715472702712 0.18318567549300427
v 0.5781637943420863 0.8026400645211689 -0.2856138800569737
v 0.5168736201467214 0.6967723151847993 0.001947911907037858
vt 0.2578125 0.609375
vt 0.2890625 0.609375
vt 0.2890625 0.546875
vt 0.2578125 0.546875
vt 0.21875 0.609375
vt 0.2578125 0.609375
vt 0.2578125 0.546875
vt 0.21875 0.546875
vt 0.2578125 0.5078125
vt 0.2890625 0.5078125
vt 0.2890625 0.4453125
vt 0.2578125 0.4453125
vt 0.2890625 0.609375
vt 0.328125 0.609375
vt 0.328125 0.546875
vt 0.2890625 0.546875
vt 0.2890625 0.609375
vt 0.2578125 0.609375
vt 0.2578125 0.6484375
vt 0.2890625 0.6484375
vt 0.2890625 0.546875
vt 0.2578125 0.546875
vt 0.2578125 0.5078125
vt 0.2890625 0.5078125
vn 0.196128557425168 0.33877679787638243 -0.9201977342848371
vn 0.9754521057257725 -0.1632347004061155 0.14780941112961066
vn -0.196128557425168 -0.33877679787638243 0.9201977342848371
vn -0.9754521057257725 0.1632347004061155 -0.14780941112961066
vn 0.10013380247188841 0.926598464170943 0.36247552717193254
vn -0.10013380247188841 -0.926598464170943 -0.36247552717193254
usemtl m_77657300-7937-2870-83eb-96baf40cb450
f 52/136/34 55/135/34 53/134/34 50/133/34
f 51/140/35 52/139/35 50/138/35 49/137/35
f 56/144/36 51/143/36 49/142/36 54/141/36
f 55/148/37 56/147/37 54/146/37 53/145/37
f 54/152/38 49/151/38 50/150/38 53/149/38
f 55/156/39 52/155/39 51/154/39 56/153/39
o UpArmR
v 0.7407436624106889 1.7313070345750812 0.23483661679358192
v 0.8262502378109688 1.6987534591672433 -0.12883066286116296
v 0.8262782596940146 1.242831162451276 0.29867355767006337
v 0.9117848350942945 1.2102775870434384 -0.0649937219846815
v 0.5267155507095164 1.6378124383192947 -0.19380306624171276
v 0.4412089753092364 1.6703660137271323 0.16986421341303212
v 0.612250147992842 1.1493365661954895 -0.12996612536523128
v 0.5267435725925621 1.1818901416033274 0.2337011542895136
vt 0.09375 0.6015625
vt 0.1328125 0.6015625
vt 0.1328125 0.5390625
vt 0.09375 0.5390625
vt 0.046875 0.6015625
vt 0.09375 0.6015625
vt 0.09375 0.5390625
vt 0.046875 0.5390625
vt 0.09375 0.4921875
vt 0.1328125 0.4921875
vt 0.1328125 0.4296875
vt 0.09375 0.4296875
vt 0.1328125 0.6015625
vt 0.1796875 0.6015625
vt 0.1796875 0.5390625
vt 0.1328125 0.5390625
vt 0.1328125 0.6015625
vt 0.09375 0.6015625
vt 0.09375 0.6484375
vt 0.1328125 0.6484375
vt 0.1328125 0.5390625
vt 0.09375 0.5390625
vt 0.09375 0.4921875
vt 0.1328125 0.4921875
vn 0.22801753440074657 -0.08680953442090038 -0.9697794124126533
vn 0.9585109987246477 0.19501126671343608 0.2079116908177593
vn -0.22801753440074657 0.08680953442090038 0.9697794124126533
vn -0.9585109987246477 -0.19501126671343608 -0.2079116908177593
vn -0.1710691945666514 0.97695174424761 -0.12767388175296296
vn 0.1710691945666514 -0.97695174424761 0.12767388175296296
usemtl m_77657300-7937-2870-83eb-96baf40cb450
f 60/160/40 63/159/40 61/158/40 58/157/40
f 59/164/41 60/163/41 58/162/41 57/161/41
f 64/168/42 59/167/42 57/166/42 62/165/42
f 63/172/43 64/171/43 62/170/43 61/169/43
f 62/176/44 57/175/44 58/174/44 61/173/44
f 63/180/45 60/179/45 59/178/45 64/177/45
o UpArmL
v -0.4412089753092365 1.6703660137271323 0.16986421341303218
v -0.5267155507095164 1.6378124383192947 -0.19380306624171276
v -0.5267435725925621 1.1818901416033274 0.23370115428951366
v -0.612250147992842 1.1493365661954895 -0.12996612536523128
v -0.8262502378109688 1.6987534591672433 -0.12883066286116296
v -0.7407436624106889 1.7313070345750812 0.23483661679358198
v -0.9117848350942945 1.2102775870434384 -0.0649937219846815
v -0.8262782596940146 1.242831162451276 0.2986735576700634
vt 0.09375 0.328125
vt 0.1328125 0.328125
vt 0.1328125 0.265625
vt 0.09375 0.265625
vt 0.046875 0.328125
vt 0.09375 0.328125
vt 0.09375 0.265625
vt 0.046875 0.265625
vt 0.09375 0.21875
vt 0.1328125 0.21875
vt 0.1328125 0.15625
vt 0.09375 0.15625
vt 0.1328125 0.328125
vt 0.1796875 0.328125
vt 0.1796875 0.265625
vt 0.1328125 0.265625
vt 0.1328125 0.328125
vt 0.09375 0.328125
vt 0.09375 0.375
vt 0.1328125 0.375
vt 0.1328125 0.265625
vt 0.09375 0.265625
vt 0.09375 0.21875
vt 0.1328125 0.21875
vn -0.22801753440074657 -0.08680953442090038 -0.9697794124126533
vn 0.9585109987246477 -0.19501126671343608 -0.2079116908177593
vn 0.22801753440074657 0.08680953442090038 0.9697794124126533
vn -0.9585109987246477 0.19501126671343608 0.2079116908177593
vn 0.1710691945666514 0.97695174424761 -0.12767388175296296
vn -0.1710691945666514 -0.97695174424761 0.12767388175296296
usemtl m_77657300-7937-2870-83eb-96baf40cb450
f 68/184/46 71/183/46 69/182/46 66/181/46
f 67/188/47 68/187/47 66/186/47 65/185/47
f 72/192/48 67/191/48 65/190/48 70/189/48
f 71/196/49 72/195/49 70/194/49 69/193/49
f 70/200/50 65/199/50 66/198/50 69/197/50
f 71/204/51 68/203/51 67/202/51 72/201/51
o DownArmL
v -0.5669405213826657 1.1600715472702712 0.18318567549300432
v -0.6282306955780306 1.2659392966066407 -0.10437611647100728
v -0.5168736201467214 0.6967723151847993 0.0019479119070379136
v -0.5781637943420863 0.8026400645211689 -0.2856138800569737
v -0.8720937220094737 1.2251306215051119 -0.06742376368860462
v -0.8108035478141087 1.1192628721687423 0.220138028275407
v -0.8220268207735294 0.7618313894196399 -0.24866152727457103
v -0.7607366465781644 0.6559636400832703 0.03890026468944058
vt 0.2578125 0.3359375
vt 0.2890625 0.3359375
vt 0.2890625 0.2734375
vt 0.2578125 0.2734375
vt 0.21875 0.3359375
vt 0.2578125 0.3359375
vt 0.2578125 0.2734375
vt 0.21875 0.2734375
vt 0.2578125 0.234375
vt 0.2890625 0.234375
vt 0.2890625 0.171875
vt 0.2578125 0.171875
vt 0.2890625 0.3359375
vt 0.328125 0.3359375
vt 0.328125 0.2734375
vt 0.2890625 0.2734375
vt 0.2890625 0.3359375
vt 0.2578125 0.3359375
vt 0.2578125 0.375
vt 0.2890625 0.375
vt 0.2890625 0.2734375
vt 0.2578125 0.2734375
vt 0.2578125 0.234375
vt 0.2890625 0.234375
vn -0.196128557425168 0.33877679787638243 -0.9201977342848371
vn 0.9754521057257725 0.1632347004061155 -0.14780941112961066
vn 0.196128557425168 -0.33877679787638243 0.9201977342848371
vn -0.9754521057257725 -0.1632347004061155 0.14780941112961066
vn -0.10013380247188841 0.926598464170943 0.36247552717193254
vn 0.10013380247188841 -0.926598464170943 -0.36247552717193254
usemtl m_77657300-7937-2870-83eb-96baf40cb450
f 76/208/52 79/207/52 77/206/52 74/205/52
f 75/212/53 76/211/53 74/210/53 73/209/53
f 80/216/54 75/215/54 73/214/54 78/213/54
f 79/220/55 80/219/55 78/218/55 77/217/55
f 78/224/56 73/223/56 74/222/56 77/221/56
f 79/228/57 76/227/57 75/226/57 80/225/57
o Chest
v 0.5 1.831242236055599 0.25891387284749084
v 0.5 1.7227121250137678 -0.3565909727851391
v 0.5 1.2772878749862322 0.3565909727851391
v 0.5 1.168757763944401 -0.25891387284749084
v -0.5 1.7227121250137678 -0.3565909727851391
v -0.5 1.831242236055599 0.25891387284749084
v -0.5 1.168757763944401 -0.25891387284749084
v -0.5 1.2772878749862322 0.3565909727851391
vt 0.375 0.921875
vt 0.5 0.921875
vt 0.5 0.8515625
vt 0.375 0.8515625
vt 0.296875 0.921875
vt 0.375 0.921875
vt 0.375 0.8515625
vt 0.296875 0.8515625
vt 0.375 0.7734375
vt 0.5 0.7734375
vt 0.5 0.703125
vt 0.375 0.703125
vt 0.5 0.921875
vt 0.578125 0.921875
vt 0.578125 0.8515625
vt 0.5 0.8515625
vt 0.5 0.921875
vt 0.375 0.921875
vt 0.375 1
vt 0.5 1
vt 0.5 0.8515625
vt 0.375 0.8515625
vt 0.375 0.7734375
vt 0.5 0.7734375
vn 0 -0.17364817766693033 -0.984807753012208
vn 1 0 0
vn 0 0.17364817766693033 0.984807753012208
vn -1 0 0
vn 0 0.984807753012208 -0.17364817766693033
vn 0 -0.984807753012208 0.17364817766693033
usemtl m_77657300-7937-2870-83eb-96baf40cb450
f 84/232/58 87/231/58 85/230/58 82/229/58
f 83/236/59 84/235/59 82/234/59 81/233/59
f 88/240/60 83/239/60 81/238/60 86/237/60
f 87/244/61 88/243/61 86/242/61 85/241/61
f 86/248/62 81/247/62 82/246/62 85/245/62
f 87/252/63 84/251/63 83/250/63 88/249/63
o Belly
v 0.53125 1.2498632252148971 0.3438753309994093
v 0.53125 1.309782798353912 -0.3410085239386657
v 0.53125 0.5027172016460879 0.2785085239386657
v 0.53125 0.5626367747851029 -0.4063753309994093
v -0.53125 1.309782798353912 -0.3410085239386657
v -0.53125 1.2498632252148971 0.3438753309994093
v -0.53125 0.5626367747851029 -0.4063753309994093
v -0.53125 0.5027172016460879 0.2785085239386657
vt 0.7265625 0.9140625
vt 0.859375 0.9140625
vt 0.859375 0.8203125
vt 0.7265625 0.8203125
vt 0.640625 0.9140625
vt 0.7265625 0.9140625
vt 0.7265625 0.8203125
vt 0.640625 0.8203125
vt 0.7265625 0.734375
vt 0.859375 0.734375
vt 0.859375 0.640625
vt 0.7265625 0.640625
vt 0.859375 0.9140625
vt 0.9453125 0.9140625
vt 0.9453125 0.8203125
vt 0.859375 0.8203125
vt 0.859375 0.9140625
vt 0.7265625 0.9140625
vt 0.7265625 1
vt 0.859375 1
vt 0.859375 0.8203125
vt 0.7265625 0.8203125
vt 0.7265625 0.734375
vt 0.859375 0.734375
vn 0 0.08715574274765818 -0.9961946980917455
vn 1 0 0
vn 0 -0.08715574274765818 0.9961946980917455
vn -1 0 0
vn 0 0.9961946980917455 0.08715574274765818
vn 0 -0.9961946980917455 -0.08715574274765818
usemtl m_77657300-7937-2870-83eb-96baf40cb450
f 92/256/64 95/255/64 93/254/64 90/253/64
f 91/260/65 92/259/65 90/258/65 89/257/65
f 96/264/66 91/263/66 89/262/66 94/261/66
f 95/268/67 96/267/67 94/266/67 93/265/67
f 94/272/68 89/271/68 90/270/68 93/269/68
f 95/276/69 92/275/69 91/274/69 96/273/69
o Front
v 0.53125 0.6860821204909193 -0.39609263588755106
v 0.53125 0.6860821204909193 -0.39609263588755106
v 0.53125 0.2634895714894519 -0.5093259681199038
v 0.53125 0.2634895714894519 -0.5093259681199038
v -0.53125 0.6860821204909193 -0.39609263588755106
v -0.53125 0.6860821204909193 -0.39609263588755106
v -0.53125 0.2634895714894519 -0.5093259681199038
v -0.53125 0.2634895714894519 -0.5093259681199038
vt 0.7265625 0.4375
vt 0.859375 0.4375
vt 0.859375 0.3828125
vt 0.7265625 0.3828125
vn 0 0.25881904510252074 -0.9659258262890683
usemtl m_77657300-7937-2870-83eb-96baf40cb450
f 100/280/70 103/279/70 101/278/70 98/277/70
o Back
v 0.53125 0.618529523872437 0.2883518543427733
v 0.53125 0.618529523872437 0.2883518543427733
v 0.53125 0.19593697487096962 0.4015851865751261
v 0.53125 0.19593697487096962 0.4015851865751261
v -0.53125 0.618529523872437 0.2883518543427733
v -0.53125 0.618529523872437 0.2883518543427733
v -0.53125 0.19593697487096962 0.4015851865751261
v -0.53125 0.19593697487096962 0.4015851865751261
vt 0.7265625 0.546875
vt 0.859375 0.546875
vt 0.859375 0.4921875
vt 0.7265625 0.4921875
vn 0 0.25881904510252074 0.9659258262890683
usemtl m_77657300-7937-2870-83eb-96baf40cb450
f 112/284/71 107/283/71 105/282/71 110/281/71
o Left
v -0.533501556545717 0.6216071057063411 0.29532928625548777
v -0.5295388170252552 0.6825785996631806 -0.38945025755417073
v -0.6469467977578869 0.2007948856057719 0.25720445628416116
v -0.642984058237425 0.2617663795626113 -0.42757508752549733
v -0.5295388170252552 0.6825785996631806 -0.38945025755417073
v -0.533501556545717 0.6216071057063411 0.29532928625548777
v -0.642984058237425 0.2617663795626113 -0.42757508752549733
v -0.6469467977578869 0.2007948856057719 0.25720445628416116
vt 0.859375 0.4921875
vt 0.9453125 0.4921875
vt 0.9453125 0.4375
vt 0.859375 0.4375
vn -0.9657787111071579 0.25877962570833346 0.017452406437283526
usemtl m_77657300-7937-2870-83eb-96baf40cb450
f 119/288/72 120/287/72 118/286/72 117/285/72
o Right
v 0.533501556545717 0.6216071057063413 0.29532928625548777
v 0.5295388170252551 0.6825785996631807 -0.38945025755417073
v 0.6469467977578869 0.2007948856057719 0.25720445628416116
v 0.642984058237425 0.2617663795626113 -0.42757508752549733
v 0.5295388170252551 0.6825785996631807 -0.38945025755417073
v 0.533501556545717 0.6216071057063413 0.29532928625548777
v 0.642984058237425 0.2617663795626113 -0.42757508752549733
v 0.6469467977578869 0.2007948856057719 0.25720445628416116
vt 0.640625 0.4921875
vt 0.7265625 0.4921875
vt 0.7265625 0.4375
vt 0.640625 0.4375
vn 0.9657787111071579 0.25877962570833346 0.017452406437283526
usemtl m_77657300-7937-2870-83eb-96baf40cb450
f 123/292/73 124/291/73 122/290/73 121/289/73
o cube
v 0.125 0.9953371759687308 -0.362563053751948
v 0.125 1.006231643812188 -0.48708739101341614
v 0.125 0.8085506700765286 -0.3789047555171339
v 0.125 0.8194451379199859 -0.503429092778602
v -0.125 1.006231643812188 -0.48708739101341614
v -0.125 0.9953371759687308 -0.362563053751948
v -0.125 0.8194451379199859 -0.503429092778602
v -0.125 0.8085506700765286 -0.3789047555171339
vt 0.7734375 0.609375
vt 0.8046875 0.609375
vt 0.8046875 0.5859375
vt 0.7734375 0.5859375
vt 0.7578125 0.609375
vt 0.7734375 0.609375
vt 0.7734375 0.5859375
vt 0.7578125 0.5859375
vt 0.8046875 0.609375
vt 0.8203125 0.609375
vt 0.8203125 0.5859375
vt 0.8046875 0.5859375
vt 0.8046875 0.609375
vt 0.7734375 0.609375
vt 0.7734375 0.625
vt 0.8046875 0.625
vt 0.8046875 0.5859375
vt 0.7734375 0.5859375
vt 0.7734375 0.5703125
vt 0.8046875 0.5703125
vn 0 0.08715574274765818 -0.9961946980917455
vn 1 0 0
vn -1 0 0
vn 0 0.9961946980917455 0.08715574274765818
vn 0 -0.9961946980917455 -0.08715574274765818
usemtl m_77657300-7937-2870-83eb-96baf40cb450
f 132/296/74 135/295/74 133/294/74 130/293/74
f 131/300/75 132/299/75 130/298/75 129/297/75
f 135/304/76 136/303/76 134/302/76 133/301/76
f 134/308/77 129/307/77 130/306/77 133/305/77
f 135/312/78 132/311/78 131/310/78 136/309/78
o LegL
v -0.03125 0.5625 0.15625
v -0.03125 0.5625 -0.21875
v -0.03125 0 0.15625
v -0.03125 0 -0.21875
v -0.40625 0.5625 -0.21875
v -0.40625 0.5625 0.15625
v -0.40625 0 -0.21875
v -0.40625 0 0.15625
vt 0.4375 0.328125
vt 0.484375 0.328125
vt 0.484375 0.2578125
vt 0.4375 0.2578125
vt 0.390625 0.328125
vt 0.4375 0.328125
vt 0.4375 0.2578125
vt 0.390625 0.2578125
vt 0.4375 0.2109375
vt 0.484375 0.2109375
vt 0.484375 0.140625
vt 0.4375 0.140625
vt 0.484375 0.328125
vt 0.53125 0.328125
vt 0.53125 0.2578125
vt 0.484375 0.2578125
vt 0.484375 0.328125
vt 0.4375 0.328125
vt 0.4375 0.375
vt 0.484375 0.375
vt 0.484375 0.2578125
vt 0.4375 0.2578125
vt 0.4375 0.2109375
vt 0.484375 0.2109375
vn 0 0 -1
vn 1 0 0
vn 0 0 1
vn -1 0 0
vn 0 1 0
vn 0 -1 0
usemtl m_77657300-7937-2870-83eb-96baf40cb450
f 140/316/79 143/315/79 141/314/79 138/313/79
f 139/320/80 140/319/80 138/318/80 137/317/80
f 144/324/81 139/323/81 137/322/81 142/321/81
f 143/328/82 144/327/82 142/326/82 141/325/82
f 142/332/83 137/331/83 138/330/83 141/329/83
f 143/336/84 140/335/84 139/334/84 144/333/84
o LegR
v 0.40625 0.5625 0.15625
v 0.40625 0.5625 -0.21875
v 0.40625 0 0.15625
v 0.40625 0 -0.21875
v 0.03125 0.5625 -0.21875
v 0.03125 0.5625 0.15625
v 0.03125 0 -0.21875
v 0.03125 0 0.15625
vt 0.4375 0.6015625
vt 0.484375 0.6015625
vt 0.484375 0.53125
vt 0.4375 0.53125
vt 0.390625 0.6015625
vt 0.4375 0.6015625
vt 0.4375 0.53125
vt 0.390625 0.53125
vt 0.4375 0.484375
vt 0.484375 0.484375
vt 0.484375 0.4140625
vt 0.4375 0.4140625
vt 0.484375 0.6015625
vt 0.53125 0.6015625
vt 0.53125 0.53125
vt 0.484375 0.53125
vt 0.484375 0.6015625
vt 0.4375 0.6015625
vt 0.4375 0.6484375
vt 0.484375 0.6484375
vt 0.484375 0.53125
vt 0.4375 0.53125
vt 0.4375 0.484375
vt 0.484375 0.484375
vn 0 0 -1
vn 1 0 0
vn 0 0 1
vn -1 0 0
vn 0 1 0
vn 0 -1 0
usemtl m_77657300-7937-2870-83eb-96baf40cb450
f 148/340/85 151/339/85 149/338/85 146/337/85
f 147/344/86 148/343/86 146/342/86 145/341/86
f 152/348/87 147/347/87 145/346/87 150/345/87
f 151/352/88 152/351/88 150/350/88 149/349/88
f 150/356/89 145/355/89 146/354/89 149/353/89
f 151/360/90 148/359/90 147/358/90 152/357/90